549031318139174916,0,1601,Horsey,0,23,0,0,0,0,30,Beef Dip Tier 1-Mr. Popular-Summer Hardcore 1-Summer Hardcore 2-Super Server-,17,80,0,0,0,0,338,0,4,0,0,0,1,1140,1129,1103,1123,9,0,0,0,,,,0,10
475196692807811074,0,0,Nugit,0,37,0,0,0,0,-5,Beef Dip Tier 1-Beef Dip Tier 2-Beef Dip Tier 3-Beef Dip Tier 4-Beef Dip Tier 5-Mr. Popular-Creator-Summer Hardcore 1-Summer Hardcore 2-Super Server-,2,0,0,0,0,0,351,0,0,0,0,0,5,682,696,681,679,7,0,0,0,,,,1,24
713414999351099543,0,0,Glitch,0,0,0,0,0,0,10,,20,0,0,0,104,0,0,0,0,0,0,0,0,43,45,42,42,9,0,0,0,,,,0,0
552600422016090133,0,0,spencer,0,32,0,0,0,0,-19,Beef Dip Tier 1-Mr. Popular-,17,0,0,0,-1,100,0,0,49,0,0,0,1,829,823,821,830,9,0,0,0,,,,0,0
406232897620803584,0,1,markgamed,0,0,0,0,0,0,-14,Super Server-,16,62,0,0,9,0,0,0,0,0,0,0,0,42,42,38,39,9,0,0,0,,,,0,23
739948707440754790,0,0,<:osnar:1474611911113965700>,0,0.0,0,0,0,0,-55,Mr. Popular-,14,482,0,0,0,0,0,0,1,0,0,0,0,222,222,208,205,9,0,0,0,,,,0,0
613852798882152478,0,0,Hitler,0,9,0,0,0,0,-27,Mr. Popular-Summer Hardcore 1-Energy Server Champoin-Forever Alone-,19,0,0,0,0,0,236,0,1,0,0,0,0,1821,1808,1793,1804,7,0,0,0,,,,2,29
676135825813012487,0,1280,Josh,0,3,97,13,3,0,24,Beef Dip Tier 1-Mr. Popular-,8,148,0,0,0,0,0,0,0,0,0,0,1,131,133,131,131,9,0,0,0,,,,0,0
719250188228886620,0,16,Jew,0,0,0,0,0,0,-29,Beef Dip Tier 1-Beef Dip Tier 2-Beef Dip Tier 3-Beef Dip Tier 4-Beef Dip Tier 5-Mr. Popular-Summer Hardcore 2-Super Server-,11,0,0,0,0,0,0,0,0,0,0,0,5,541,540,532,539,4,0,0,0,,,,1,56
858037990001868811,0,0,boat,0,3,0,0,0,0,0,Mr. Popular-,0,0,0,0,10,3,0,0,3,0,0,0,0,63,62,57,61,9,0,0,0,,,,0,0
823946678020472892,0,0,HumanInContext,0,1,0,0,0,0,0,Mr. Popular-,0,0,0,0,14,0,0,0,8,0,0,0,0,721,707,688,689,9,0,0,0,,,,0,20
1136501041844719736,0,0,fapstein,0,10,0,0,0,0,0,Mr. Popular-,0,0,0,0,0,0,13,0,0,0,0,0,0,127,126,127,129,4,0,0,0,,,,0,29
